2 2 1 4
0.000000
0.000000
0.000000
-7.369675
4.745808
4.744310
2.835073
-7.067403
-7.074635
0.000000
0.000000
0.000000
5.012440
-10.313969
-10.324479
0.000000
0.000000
3603309399244643449424335224387066415634007962347272536072397871722079410571095028662146283045541831159429565051167303663845755317024047104371327222965621329678437731283869339895418361865871766196800738389920122381652024640911846385216431531922653446144.000000
7912380338863341938630203108773643951007007385635515861927077689454303870844587819447774120846477492224.000000
0.000000
0.000000
0.688602
0.004361
0.004341
0.000009
0.000000
0.688602
0.004361
0.004341
0.000009
0.000000
0.000000
0.000000
0.000000
0.000000
0.000000
