3 3 1 7
0.000000
0.000000
0.000000
0.000000
0.413922
1.339931
-1.805896
1.622628
8865.449072
-0.288391
-0.163923
0.286222
1.934430
4.417390
-4.363816
4.299043
0.000000
0.000000
0.000000
0.000000
-2.612482
2.449938
-2.124958
8.897341
0.000000
0.000000
0.000000
0.000000
0.000000
0.000000
0.000000
0.000000
1.000000
0.602000
0.852432
0.199032
0.486914
0.884571
0.557301
0.966950
0.000000
1.000000
1.000000
1.000000
1.000000
1.000000
1.000000
1.000000
0.000000
0.873718
0.998259
0.080918
0.879479
0.998041
0.866336
0.999976
0.000000
0.000000
0.000000
0.000000
0.000000
0.000000
0.000000
0.000000
